org_id remap_id
146 145
65 64
73 72
80 79
72 71
122 121
201 200
226 225
2 1
78 77
151 150
233 232
22 21
101 100
123 122
138 137
13 12
45 44
87 86
148 147
9 8
41 40
144 143
114 113
115 114
238 237
49 48
84 83
140 139
208 207
3 2
33 32
66 65
215 214
21 20
52 51
97 96
220 219
30 29
46 45
142 141
199 198
25 24
31 30
134 133
231 230
51 50
124 123
212 211
150 149
19 18
20 19
90 89
169 168
26 25
106 105
126 125
166 165
16 15
36 35
61 60
197 196
35 34
171 170
181 180
240 239
12 11
28 27
64 63
67 66
188 187
222 221
202 201
70 69
91 90
92 91
89 88
15 14
55 54
59 58
217 216
85 84
99 98
184 183
170 169
5 4
110 109
113 112
229 228
6 5
34 33
155 154
185 184
1 0
76 75
177 176
63 62
29 28
39 38
57 56
207 206
23 22
152 151
179 178
227 226
141 140
153 152
162 161
32 31
69 68
213 212
234 233
27 26
86 85
119 118
98 97
102 101
103 102
221 220
104 103
127 126
167 166
48 47
83 82
196 195
230 229
111 110
159 158
210 209
225 224
79 78
154 153
219 218
157 156
4 3
14 13
43 42
121 120
128 127
187 186
232 231
136 135
160 159
194 193
182 181
109 108
112 111
180 179
239 238
37 36
40 39
75 74
11 10
195 194
228 227
135 134
8 7
24 23
81 80
18 17
105 104
130 129
191 190
132 131
137 136
183 182
214 213
108 107
118 117
147 146
224 223
10 9
68 67
161 160
203 202
47 46
60 59
131 130
206 205
38 37
74 73
145 144
120 119
133 132
174 173
211 210
77 76
100 99
163 162
54 53
175 174
192 191
42 41
143 142
189 188
149 148
53 52
62 61
107 106
205 204
7 6
58 57
88 87
209 208
17 16
71 70
173 172
172 171
82 81
93 92
164 163
200 199
56 55
165 164
168 167
117 116
186 185
237 236
129 128
156 155
158 157
236 235
95 94
96 95
204 203
235 234
116 115
176 175
218 217
223 222
139 138
190 189
193 192
50 49
178 177
216 215
198 197
44 43
94 93
125 124
