0 64 104 25 48 40 69 8 29 9 12 85 91 102 34 65 46 57 92 95 4 1
1 114 9 16 46 64 5 26 88 97 1 10 52 65 76 99 40 45 53 83 103 23
2 9 37 69 84 114 10 42 43 65 2 98 102 58 62 82 104 19 34 54 10
3 14 38 65 85 111 116 117 42 61 62 93 89 99 113 32 45 63 7
4 60 81 90 4 74 78 48 95 117 5 98 113 91 84 118 61 15 21 64 72
5 40 50 114 116 25 70 66 90 103 1 59 84 9 10 42 107 111
6 1 78 83 115 23 50 60 63 46 59 9 11 43 79 102 38 70 12 69 112 118
7 53 63 106 7 17 24 70 99 5 40 61 87 20 50 98 75 91 115 19
8 102 114 50 76 71 72 103 21 49 69 70 73 20 65 2 44 24 95
9 117 60 76 97 39 49 50 67 8 9 19 109 2 51 68 55 84 10 14 33 79 118
10 13 23 59 64 101 26 47 94 102 108 44 51 79 95 110 2 29 32 69 93 105 109
11 28 34 88 69 73 99 19 41 87 94 76 107 110 1 5 15 16 71 91 93 11
12 6 48 55 59 87 35 41 52 8 65 84 97 98 23 39 53 5 31 56 7
13 10 21 56 71 95 13 51 54 80 112 119 5 61 37 78 113 23 64 81 3
14 32 45 22 27 99 114 74 86 76 100 107 40 69 58 110 43 52
15 135 148 161 192 220 225 130 155 229 166 224 194 164 171 199 209 2
16 120 167 199 218 164 184 197 223 229 134 200 121 122 165 193
17 194 219 220 235 174 193 202 208 178 182 195 205 120 137 157 165 23
18 155 157 223 225 126 186 222 233 139 145 146 197 214 239 142 17
19 143 218 224 129 172 198 208 132 170 190 210 151 204 213 226 1
20 170 203 209 149 158 202 219 187 192 199 174 190 157 172 134
21 199 204 130 161 182 209 132 164 193 233 153 200 20
22 135 235 162 193 229 149 156 165 208 210 224 225 151 159 1
23 190 216 209 221 233 217 226 130 147 156 193 127 161 194 144 1
24 129 178 192 222 147 153 199 207 193 213 230 140 155 168 22
25 123 131 161 211 217 223 170 215 146 169 190 230 125 156 195 214
26 186 188 219 121 154 160 161 165 233 133 135 215 225 234 23
27 122 135 190 227 128 137 151 195 202 211 148 215 237 121 232 138
28 121 133 149 182 232 225 228 120 122 168 203 218 238 135 140 142 169 2
29 127 151 185 193 153 195 199 215 206 128 159 169 178 191
30 64 104 25 48